PSNR: 24.21608747042498 dB
SSIM: 0.6104117063707155

28 Channels




PSNR: 24.08083744845621 dB
SSIM: 0.6082780860041881

16 Channels






PSNR: 21.60072488060323 dB
SSIM: 0.5312214433035406

8 Channels


